,index,dt_ymd,city_id,_c2
0,22724,2017-01-01,1101,33285
1,38773,2017-01-02,1101,27826
2,4413,2017-01-03,1101,31948
3,20091,2017-01-04,1101,35986
4,36171,2017-01-05,1101,36294
5,1949,2017-01-06,1101,38381
6,17442,2017-01-07,1101,34727
7,33520,2017-01-08,1101,25992
8,49142,2017-01-09,1101,38893
9,47123,2017-01-10,1101,38527
10,12913,2017-01-11,1101,38904
11,28787,2017-01-12,1101,41160
12,44642,2017-01-13,1101,49090
13,10349,2017-01-14,1101,42419
14,26218,2017-01-15,1101,37631
15,42200,2017-01-16,1101,45020
16,7804,2017-01-17,1101,42624
17,23743,2017-01-18,1101,43327
18,39781,2017-01-19,1101,41447
19,37733,2017-01-20,1101,39256
20,3424,2017-01-21,1101,25654
21,19021,2017-01-22,1101,27322
22,35132,2017-01-23,1101,27252
23,1004,2017-01-24,1101,21739
24,16444,2017-01-25,1101,16516
25,32485,2017-01-26,1101,10659
26,48160,2017-01-27,1101,3681
27,13961,2017-01-28,1101,2409
28,29865,2017-01-29,1101,3550
29,27739,2017-01-30,1101,3835
30,43658,2017-01-31,1101,3975
31,22204,2017-02-01,1101,5718
32,38259,2017-02-02,1101,7335
33,3929,2017-02-03,1101,10535
34,19563,2017-02-04,1101,14243
35,35662,2017-02-05,1101,15384
36,1482,2017-02-06,1101,21179
37,16941,2017-02-07,1101,20710
38,33004,2017-02-08,1101,24137
39,48651,2017-02-09,1101,24684
40,46620,2017-02-10,1101,27153
41,12399,2017-02-11,1101,21660
42,28256,2017-02-12,1101,19378
43,44150,2017-02-13,1101,32909
44,9840,2017-02-14,1101,52437
45,25737,2017-02-15,1101,29520
46,41733,2017-02-16,1101,29025
47,7324,2017-02-17,1101,28974
48,23243,2017-02-18,1101,20777
49,39291,2017-02-19,1101,20849
50,37209,2017-02-20,1101,28897
51,2928,2017-02-21,1101,29485
52,18493,2017-02-22,1101,26756
53,34607,2017-02-23,1101,27195
54,517,2017-02-24,1101,29842
55,15955,2017-02-25,1101,20317
56,31964,2017-02-26,1101,18935
57,47658,2017-02-27,1101,28825
58,13450,2017-02-28,1101,27558
59,21692,2017-03-01,1101,29460
60,37747,2017-03-02,1101,27163
61,3440,2017-03-03,1101,32191
62,19036,2017-03-04,1101,21892
63,35145,2017-03-05,1101,21466
64,1015,2017-03-06,1101,31510
65,16454,2017-03-07,1101,40037
66,32496,2017-03-08,1101,45011
67,48172,2017-03-09,1101,29671
68,46135,2017-03-10,1101,32116
69,11896,2017-03-11,1101,21725
70,27754,2017-03-12,1101,20786
71,43675,2017-03-13,1101,29905
72,9348,2017-03-14,1101,33196
73,25264,2017-03-15,1101,31276
74,41274,2017-03-16,1101,31474
75,6848,2017-03-17,1101,33930
76,22748,2017-03-18,1101,22938
77,38796,2017-03-19,1101,21843
78,36703,2017-03-20,1101,35088
79,2450,2017-03-21,1101,31825
80,17974,2017-03-22,1101,31118
81,34075,2017-03-23,1101,34646
82,27,2017-03-24,1101,42572
83,15462,2017-03-25,1101,27475
84,31443,2017-03-26,1101,23022
85,47145,2017-03-27,1101,32584
86,12936,2017-03-28,1101,33242
87,28812,2017-03-29,1101,33459
88,26737,2017-03-30,1101,34060
89,42697,2017-03-31,1101,35892
90,21166,2017-04-01,1101,34351
91,37225,2017-04-02,1101,20754
92,2943,2017-04-03,1101,18595
93,18508,2017-04-04,1101,20416
94,34620,2017-04-05,1101,30185
95,531,2017-04-06,1101,35445
96,15967,2017-04-07,1101,34806
97,31976,2017-04-08,1101,25197
98,47670,2017-04-09,1101,23317
99,45660,2017-04-10,1101,33441
100,11400,2017-04-11,1101,33399
101,27255,2017-04-12,1101,33788
102,43195,2017-04-13,1101,33693
103,8846,2017-04-14,1101,38674
104,24778,2017-04-15,1101,27349
105,40804,2017-04-16,1101,25268
106,6374,2017-04-17,1101,36479
107,22227,2017-04-18,1101,35761
108,38283,2017-04-19,1101,37167
109,36198,2017-04-20,1101,36544
110,1979,2017-04-21,1101,40145
111,17474,2017-04-22,1101,28476
112,33553,2017-04-23,1101,26544
113,49178,2017-04-24,1101,39278
114,14974,2017-04-25,1101,38787
115,30930,2017-04-26,1101,39590
116,46642,2017-04-27,1101,41636
117,12422,2017-04-28,1101,49073
118,28279,2017-04-29,1101,28751
119,26248,2017-04-30,1101,24080
120,20655,2017-05-01,1101,24984
121,36719,2017-05-02,1101,34047
122,2466,2017-05-03,1101,35481
123,17988,2017-05-04,1101,39260
124,34089,2017-05-05,1101,42209
125,40,2017-05-06,1101,28966
126,15473,2017-05-07,1101,27265
127,31455,2017-05-08,1101,39005
128,47157,2017-05-09,1101,38835
129,45171,2017-05-10,1101,39946
130,10891,2017-05-11,1101,43037
131,26752,2017-05-12,1101,47517
132,42713,2017-05-13,1101,39270
133,8343,2017-05-14,1101,49019
134,24289,2017-05-15,1101,41581
135,40320,2017-05-16,1101,39683
136,5899,2017-05-17,1101,40669
137,21716,2017-05-18,1101,43137
138,37771,2017-05-19,1101,56165
139,35692,2017-05-20,1101,47373
140,1512,2017-05-21,1101,30152
141,16971,2017-05-22,1101,42938
142,33035,2017-05-23,1101,43736
143,48688,2017-05-24,1101,44007
144,14485,2017-05-25,1101,46683
145,30416,2017-05-26,1101,49853
146,46157,2017-05-27,1101,51959
147,11920,2017-05-28,1101,29960
148,27779,2017-05-29,1101,25790
149,25765,2017-05-30,1101,29018
150,41760,2017-05-31,1101,40689
151,20138,2017-06-01,1101,46266
152,36213,2017-06-02,1101,40983
153,1995,2017-06-03,1101,28950
154,17489,2017-06-04,1101,27494
155,33566,2017-06-05,1101,39871
156,49191,2017-06-06,1101,39881
157,14985,2017-06-07,1101,38568
158,30943,2017-06-08,1101,38691
159,46655,2017-06-09,1101,43004
160,44687,2017-06-10,1101,29463
161,10398,2017-06-11,1101,24622
162,26264,2017-06-12,1101,38444
163,42244,2017-06-13,1101,37934
164,7853,2017-06-14,1101,40974
165,23790,2017-06-15,1101,44808
166,39826,2017-06-16,1101,49563
167,5422,2017-06-17,1101,33500
168,21190,2017-06-18,1101,36747
169,37249,2017-06-19,1101,44237
170,35173,2017-06-20,1101,43981
171,1045,2017-06-21,1101,45785
172,16486,2017-06-22,1101,44020
173,32529,2017-06-23,1101,49243
174,48209,2017-06-24,1101,31995
175,14005,2017-06-25,1101,28977
176,29909,2017-06-26,1101,44482
177,45681,2017-06-27,1101,45569
178,11424,2017-06-28,1101,47361
179,27279,2017-06-29,1101,47304
180,25292,2017-06-30,1101,49172
181,19613,2017-07-01,1101,32872
182,35707,2017-07-02,1101,31885
183,1527,2017-07-03,1101,43299
184,16986,2017-07-04,1101,40662
185,33048,2017-07-05,1101,43433
186,48702,2017-07-06,1101,42439
187,14496,2017-07-07,1101,54896
188,30429,2017-07-08,1101,34124
189,46169,2017-07-09,1101,31505
190,44191,2017-07-10,1101,47942
191,9887,2017-07-11,1101,47820
192,25782,2017-07-12,1101,48741
193,41778,2017-07-13,1101,51853
194,7376,2017-07-14,1101,54679
195,23294,2017-07-15,1101,37380
196,39341,2017-07-16,1101,33534
197,4957,2017-07-17,1101,46009
198,20680,2017-07-18,1101,46003
199,36743,2017-07-19,1101,44845
200,34650,2017-07-20,1101,47586
201,564,2017-07-21,1101,54696
202,16000,2017-07-22,1101,31014
203,32009,2017-07-23,1101,27537
204,47708,2017-07-24,1101,41811
205,13495,2017-07-25,1101,41677
206,29382,2017-07-26,1101,41681
207,45192,2017-07-27,1101,41078
208,10916,2017-07-28,1101,44267
209,26776,2017-07-29,1101,30614
210,24807,2017-07-30,1101,27694
211,40836,2017-07-31,1101,41311
212,19088,2017-08-01,1101,40371
213,35188,2017-08-02,1101,41731
214,1062,2017-08-03,1101,42767
215,16501,2017-08-04,1101,46253
216,32542,2017-08-05,1101,31930
217,48225,2017-08-06,1101,29323
218,14017,2017-08-07,1101,43439
219,29921,2017-08-08,1101,44451
220,45694,2017-08-09,1101,43362
221,43724,2017-08-10,1101,44100
222,9399,2017-08-11,1101,52306
223,25312,2017-08-12,1101,39921
224,41321,2017-08-13,1101,34577
225,6901,2017-08-14,1101,45896
226,22799,2017-08-15,1101,43664
227,38849,2017-08-16,1101,45405
228,4479,2017-08-17,1101,46658
229,20163,2017-08-18,1101,51782
230,36238,2017-08-19,1101,33586
231,34120,2017-08-20,1101,31037
232,74,2017-08-21,1101,46648
233,15508,2017-08-22,1101,49583
234,31491,2017-08-23,1101,48689
235,47197,2017-08-24,1101,50615
236,12984,2017-08-25,1101,56195
237,28859,2017-08-26,1101,36027
238,44710,2017-08-27,1101,46497
239,10422,2017-08-28,1101,81839
240,26290,2017-08-29,1101,49208
241,24322,2017-08-30,1101,49205
242,40351,2017-08-31,1101,51056
243,18562,2017-09-01,1101,51720
244,34667,2017-09-02,1101,36093
245,581,2017-09-03,1101,34171
246,16015,2017-09-04,1101,48416
247,32023,2017-09-05,1101,48281
248,47725,2017-09-06,1101,50232
249,13509,2017-09-07,1101,56151
250,29395,2017-09-08,1101,65841
251,45205,2017-09-09,1101,42636
252,43244,2017-09-10,1101,44842
253,8900,2017-09-11,1101,54688
254,24826,2017-09-12,1101,52473
255,40856,2017-09-13,1101,52301
256,6430,2017-09-14,1101,56027
257,22284,2017-09-15,1101,62857
258,38338,2017-09-16,1101,42022
259,4003,2017-09-17,1101,40047
260,19642,2017-09-18,1101,60812
261,35732,2017-09-19,1101,61455
262,33600,2017-09-20,1101,62388
263,49225,2017-09-21,1101,66411
264,15020,2017-09-22,1101,77658
265,30978,2017-09-23,1101,47840
266,46696,2017-09-24,1101,46443
267,12470,2017-09-25,1101,74254
268,28330,2017-09-26,1101,74278
269,44217,2017-09-27,1101,80948
270,9915,2017-09-28,1101,87012
271,25808,2017-09-29,1101,87423
272,23826,2017-09-30,1101,80201
273,7405,2017-10-01,1101,37635
274,23318,2017-10-02,1101,34442
275,39366,2017-10-03,1101,27479
276,4983,2017-10-04,1101,37380
277,20709,2017-10-05,1101,24909
278,36775,2017-10-06,1101,26834
279,2518,2017-10-07,1101,31687
280,18046,2017-10-08,1101,44796
281,34141,2017-10-09,1101,55831
282,32040,2017-10-10,1101,60635
283,47740,2017-10-11,1101,53190
284,13526,2017-10-12,1101,56322
285,29412,2017-10-13,1101,65126
286,45224,2017-10-14,1101,49701
287,10946,2017-10-15,1101,46641
288,26808,2017-10-16,1101,60326
289,42764,2017-10-17,1101,60071
290,8401,2017-10-18,1101,57408
291,24339,2017-10-19,1101,57474
292,22297,2017-10-20,1101,64854
293,38353,2017-10-21,1101,46262
294,4018,2017-10-22,1101,43587
295,19658,2017-10-23,1101,28612
296,1572,2017-10-25,1101,6284
297,17032,2017-10-26,1101,8323
298,33086,2017-10-27,1101,10416
299,48742,2017-10-28,1101,48197
300,14535,2017-10-29,1101,42250
301,12486,2017-10-30,1101,58410
302,28347,2017-10-31,1101,56375
303,6934,2017-11-01,1101,52593
304,22828,2017-11-02,1101,53802
305,38879,2017-11-03,1101,65483
306,4509,2017-11-04,1101,45869
307,20191,2017-11-05,1101,42698
308,36273,2017-11-06,1101,54932
309,2051,2017-11-07,1101,53985
310,17547,2017-11-08,1101,55215
311,33618,2017-11-09,1101,56164
312,31522,2017-11-10,1101,65820
313,47235,2017-11-11,1101,45431
314,13017,2017-11-12,1101,44678
315,28893,2017-11-13,1101,64789
316,44743,2017-11-14,1101,63661
317,10453,2017-11-15,1101,63681
318,26320,2017-11-16,1101,63095
319,42297,2017-11-17,1101,78730
320,7911,2017-11-18,1101,52879
321,23845,2017-11-19,1101,49280
322,21782,2017-11-20,1101,66058
323,37841,2017-11-21,1101,63273
324,3538,2017-11-22,1101,71921
325,19137,2017-11-23,1101,71169
326,35236,2017-11-24,1101,73926
327,1105,2017-11-25,1101,51308
328,16546,2017-11-26,1101,52744
329,32578,2017-11-27,1101,69674
330,48265,2017-11-28,1101,73646
331,14054,2017-11-29,1101,69247
332,11986,2017-11-30,1101,64250
333,6467,2017-12-01,1101,67892
334,22317,2017-12-02,1101,50052
335,38373,2017-12-03,1101,48353
336,4036,2017-12-04,1101,63731
337,19674,2017-12-05,1101,60133
338,35766,2017-12-06,1101,63041
339,1585,2017-12-07,1101,69179
340,17047,2017-12-08,1101,73496
341,33100,2017-12-09,1101,47961
342,31012,2017-12-10,1101,50819
343,46734,2017-12-11,1101,71837
344,12509,2017-12-12,1101,75586
345,28372,2017-12-13,1101,67363
346,44262,2017-12-14,1101,76183
347,9956,2017-12-15,1101,80580
348,25844,2017-12-16,1101,61640
349,41838,2017-12-17,1101,45742
350,7439,2017-12-18,1101,68941
351,23349,2017-12-19,1101,63950
352,21263,2017-12-20,1101,67036
353,37327,2017-12-21,1101,67220
354,3044,2017-12-22,1101,80518
355,18615,2017-12-23,1101,48440
356,34720,2017-12-24,1101,56911
357,631,2017-12-25,1101,79565
358,16060,2017-12-26,1101,66766
359,32071,2017-12-27,1101,67057
360,47775,2017-12-28,1101,75566
361,13560,2017-12-29,1101,79854
362,11493,2017-12-30,1101,47949
363,27353,2017-12-31,1101,52031
364,32589,2018-01-01,1101,47276
365,48277,2018-01-02,1101,53804
366,14070,2018-01-03,1101,54694
367,29976,2018-01-04,1101,55733
368,45755,2018-01-05,1101,64259
369,11497,2018-01-06,1101,45691
370,27356,2018-01-07,1101,43665
371,43299,2018-01-08,1101,63280
372,8961,2018-01-09,1101,60220
373,6972,2018-01-10,1101,64539
374,22862,2018-01-11,1101,68052
375,38917,2018-01-12,1101,70123
376,4551,2018-01-13,1101,49969
377,20227,2018-01-14,1101,44800
378,36306,2018-01-15,1101,61158
379,2079,2018-01-16,1101,56337
380,17576,2018-01-17,1101,58591
381,33659,2018-01-18,1101,57733
382,49286,2018-01-19,1101,63710
383,47276,2018-01-20,1101,46462
384,13055,2018-01-21,1101,47536
385,28928,2018-01-22,1101,64225
386,44786,2018-01-23,1101,67450
387,10488,2018-01-24,1101,65057
388,26355,2018-01-25,1101,67941
389,42329,2018-01-26,1101,71140
390,7948,2018-01-27,1101,55450
391,23889,2018-01-28,1101,46994
392,39929,2018-01-29,1101,68020
393,37891,2018-01-30,1101,63154
394,3581,2018-01-31,1101,65409
395,32101,2018-02-01,1101,70031
396,47805,2018-02-02,1101,88335
397,13592,2018-02-03,1101,56193
398,29475,2018-02-04,1101,52605
399,45284,2018-02-05,1101,76787
400,11002,2018-02-06,1101,71902
401,26861,2018-02-07,1101,72617
402,42819,2018-02-08,1101,71723
403,8460,2018-02-09,1101,71498
404,6515,2018-02-10,1101,43876
405,22370,2018-02-11,1101,46121
406,38430,2018-02-12,1101,37420
407,4093,2018-02-13,1101,28021
408,19734,2018-02-14,1101,22133
409,35823,2018-02-15,1101,7388
410,1631,2018-02-16,1101,4570
411,17094,2018-02-17,1101,5289
412,33156,2018-02-18,1101,5801
413,48808,2018-02-19,1101,7275
414,46787,2018-02-20,1101,8450
415,12565,2018-02-21,1101,11233
416,28430,2018-02-22,1101,17313
417,44322,2018-02-23,1101,22946
418,10012,2018-02-24,1101,29032
419,25892,2018-02-25,1101,30294
420,41882,2018-02-26,1101,39094
421,7485,2018-02-27,1101,41372
422,23406,2018-02-28,1101,43608
423,31595,2018-03-01,1101,42379
424,47312,2018-03-02,1101,51739
425,13093,2018-03-03,1101,31999
426,28962,2018-03-04,1101,32259
427,44815,2018-03-05,1101,43686
428,10514,2018-03-06,1101,43583
429,26381,2018-03-07,1101,52168
430,42355,2018-03-08,1101,63879
431,7975,2018-03-09,1101,48774
432,6045,2018-03-10,1101,32249
433,21863,2018-03-11,1101,29962
434,37932,2018-03-12,1101,42946
435,3625,2018-03-13,1101,41839
436,19224,2018-03-14,1101,45228
437,35327,2018-03-15,1101,44921
438,1177,2018-03-16,1101,48767
439,16615,2018-03-17,1101,42837
440,32657,2018-03-18,1101,33356
441,48338,2018-03-19,1101,45290
442,46302,2018-03-20,1101,45133
443,12055,2018-03-21,1101,45119
444,27918,2018-03-22,1101,45880
445,43848,2018-03-23,1101,50574
446,9522,2018-03-24,1101,34348
447,25434,2018-03-25,1101,32672
448,41434,2018-03-26,1101,49597
449,7027,2018-03-27,1101,48766
450,22922,2018-03-28,1101,51239
451,38980,2018-03-29,1101,52145
452,36889,2018-03-30,1101,56091
453,2628,2018-03-31,1101,39026
454,31102,2018-04-01,1101,36675
455,46827,2018-04-02,1101,51992
456,12604,2018-04-03,1101,64147
457,28468,2018-04-04,1101,68310
458,44353,2018-04-05,1101,37833
459,10044,2018-04-06,1101,34627
460,25923,2018-04-07,1101,31445
461,41913,2018-04-08,1101,46229
462,7517,2018-04-09,1101,48483
463,5590,2018-04-10,1101,51517
464,21369,2018-04-11,1101,51364
465,37437,2018-04-12,1101,52961
466,3149,2018-04-13,1101,70981
467,18724,2018-04-14,1101,43979
468,34838,2018-04-15,1101,39116
469,731,2018-04-16,1101,56675
470,16152,2018-04-17,1101,56603
471,32179,2018-04-18,1101,57046
472,47877,2018-04-19,1101,57633
473,45846,2018-04-20,1101,62250
474,11590,2018-04-21,1101,58132
475,27449,2018-04-22,1101,45927
476,43394,2018-04-23,1101,58932
477,9058,2018-04-24,1101,58758
478,24980,2018-04-25,1101,61171
479,40998,2018-04-26,1101,63252
480,6583,2018-04-27,1101,67710
481,22451,2018-04-28,1101,64852
482,38507,2018-04-29,1101,39876
483,36414,2018-04-30,1101,34920
484,30610,2018-05-01,1101,41556
485,46352,2018-05-02,1101,51548
486,12111,2018-05-03,1101,54412
487,27969,2018-05-04,1101,60302
488,43892,2018-05-05,1101,44141
489,9570,2018-05-06,1101,41204
490,25477,2018-05-07,1101,56943
491,41478,2018-05-08,1101,56550
492,7069,2018-05-09,1101,57353
493,5147,2018-05-10,1101,59635
494,20876,2018-05-11,1101,68473
495,36949,2018-05-12,1101,47282
496,2687,2018-05-13,1101,58519
497,18230,2018-05-14,1101,60973
498,34340,2018-05-15,1101,60929
499,273,2018-05-16,1101,60955
500,15703,2018-05-17,1101,65842
501,31696,2018-05-18,1101,70954
502,47404,2018-05-19,1101,53488
503,45396,2018-05-20,1101,57021
504,11115,2018-05-21,1101,63999
505,26975,2018-05-22,1101,61266
506,42937,2018-05-23,1101,60604
507,8577,2018-05-24,1101,62050
508,24520,2018-05-25,1101,70826
509,40546,2018-05-26,1101,49347
510,6130,2018-05-27,1101,48875
511,21967,2018-05-28,1101,65592
512,38025,2018-05-29,1101,63052
513,35944,2018-05-30,1101,64879
514,1743,2018-05-31,1101,70445
515,30142,2018-06-01,1101,86820
516,45905,2018-06-02,1101,51598
517,11658,2018-06-03,1101,45694
518,27510,2018-06-04,1101,66163
519,43451,2018-06-05,1101,66941
520,9118,2018-06-06,1101,65782
521,25041,2018-06-07,1101,66605
522,41056,2018-06-08,1101,73583
523,6636,2018-06-09,1101,61499
524,4714,2018-06-10,1101,48002
525,20407,2018-06-11,1101,67703
526,36484,2018-06-12,1101,69968
527,2245,2018-06-13,1101,76082
528,17757,2018-06-14,1101,83583
529,33855,2018-06-15,1101,98510
530,49460,2018-06-16,1101,53837
531,15256,2018-06-17,1101,55108
532,31228,2018-06-18,1101,55368
533,46938,2018-06-19,1101,67150
534,44956,2018-06-20,1101,69198
535,10660,2018-06-21,1101,71526
536,26530,2018-06-22,1101,74869
537,42502,2018-06-23,1101,53067
538,8120,2018-06-24,1101,49809
539,24071,2018-06-25,1101,71672
540,40104,2018-06-26,1101,71503
541,5704,2018-06-27,1101,77511
542,21497,2018-06-28,1101,78264
543,37558,2018-06-29,1101,86689
544,35485,2018-06-30,1101,64407
545,29681,2018-07-01,1101,52574
546,45475,2018-07-02,1101,67083
547,11205,2018-07-03,1101,60279
548,27058,2018-07-04,1101,65380
549,43017,2018-07-05,1101,67177
550,8664,2018-07-06,1101,78127
551,24603,2018-07-07,1101,55209
552,40632,2018-07-08,1101,46881
553,6206,2018-07-09,1101,66720
554,4282,2018-07-10,1101,63620
555,19947,2018-07-11,1101,77736
556,36033,2018-07-12,1101,71255
557,1826,2018-07-13,1101,72521
558,17312,2018-07-14,1101,49673
559,33387,2018-07-15,1101,53282
560,49018,2018-07-16,1101,63766
561,14817,2018-07-17,1101,73855
562,30764,2018-07-18,1101,68079
563,46490,2018-07-19,1101,66485
564,44525,2018-07-20,1101,71173
565,10223,2018-07-21,1101,50173
566,26098,2018-07-22,1101,44592
567,42087,2018-07-23,1101,64585
568,7692,2018-07-24,1101,63972
569,23632,2018-07-25,1101,64242
570,39667,2018-07-26,1101,64710
571,5277,2018-07-27,1101,68008
572,21034,2018-07-28,1101,45116
573,37094,2018-07-29,1101,43631
574,35019,2018-07-30,1101,64077
575,906,2018-07-31,1101,66072
576,29221,2018-08-01,1101,66463
577,45048,2018-08-02,1101,65027
578,10765,2018-08-03,1101,74346
579,26625,2018-08-04,1101,49748
580,42595,2018-08-05,1101,49202
581,8217,2018-08-06,1101,62198
582,24167,2018-08-07,1101,62681
583,40198,2018-08-08,1101,61741
584,5787,2018-08-09,1101,63237
585,3858,2018-08-10,1101,72730
586,19482,2018-08-11,1101,47536
587,35586,2018-08-12,1101,45551
588,1407,2018-08-13,1101,64209
589,16868,2018-08-14,1101,62536
590,32929,2018-08-15,1101,63880
591,48583,2018-08-16,1101,68898
592,14385,2018-08-17,1101,117868
593,30314,2018-08-18,1101,50973
594,46063,2018-08-19,1101,48566
595,44087,2018-08-20,1101,66681
596,9773,2018-08-21,1101,64168
597,25680,2018-08-22,1101,64148
598,41680,2018-08-23,1101,66808
599,7272,2018-08-24,1101,73650
600,23190,2018-08-25,1101,49077
601,39234,2018-08-26,1101,46505
602,4866,2018-08-27,1101,67407
603,20582,2018-08-28,1101,68272
604,36649,2018-08-29,1101,69118
605,34561,2018-08-30,1101,77941
606,475,2018-08-31,1101,77866
607,28761,2018-09-01,1101,55155
608,44620,2018-09-02,1101,54949
609,10329,2018-09-03,1101,73902
610,26199,2018-09-04,1101,75501
611,42181,2018-09-05,1101,70778
612,7790,2018-09-06,1101,72391
613,23730,2018-09-07,1101,77867
614,39765,2018-09-08,1101,54386
615,5367,2018-09-09,1101,56928
